[-0.00023032452464821773 0.5189612680961293 0.8762893026357341 -0.00015197806784961188 1.3048566117437952 0.001022412056861377]
[-0.00010820240702535955 0.5 1.0 -0.00013096281604241256 1.2 5.614007140231081e-05]
start=[-6.309155822581403e-05 0.0007203827405923846 -0.00041668997911870065 -0.00010339913657020361 -3.900246007049191e-06 9.101904908082048e-05]
c=[1.5000955609821771 0.4556413374568278 1.0867981993177285 -0.0034074593716555412 0.9210630048934201 0.001636540574610379]
f=[-1.367244786352372 -0.49129798413624837 -1.0390325638244269 -0.2102392201749641 -0.9623465844536243 -2.8041153450423506]
ready_ex1=[1.5000955609821771 0.4556413374568278 1.0867981993177285 -0.0034074593716555412 1.2 0.001636540574610379]
test=[-0.00010820240702535955 0.5 1.0 -0.00013096281604241256 1.2 5.614007140231081e-05]

