c=[1.5000955609821771 0.4556413374568278 1.0867981993177285 -0.0034074593716555412 0.9210630048934201 0.001636540574610379]
f=[-1.367244786352372 -0.49129798413624837 -1.0390325638244269 -0.2102392201749641 -0.9623465844536243 -2.8041153450423506]
